L 행렬
                   1                    0                    0                    0                    0
    5.51219512195122                    1                    0                    0                    0
                 1.0 -0.17370343316289263                    1                    0                    0
  3.7073170731707314  0.37837837837837807  -0.7841892446233016                    1                    0
   4.609756097560975    1.243243243243243  0.49870099427656306 -0.10274796703340629                    1
U 행렬
               1.23                2.34                3.45                4.56                5.67
                0.0  -5.008536585365854  -10.10707317073171  -16.01560975609756 -31.134146341463417
                0.0                 0.0  0.2243666910153388   0.308033601168737 -1.2081081081081093
                0.0                 0.0                 0.0   -10.4838487683863  -7.847385384720591
                0.0                 0.0                 0.0                 0.0  13.596181819899384

y [0.11, 0.6136585365853657, 2.3265945945945945, 4.6244904576797925, 2.594881955489184]

X1 = 12.928260869565259
X2 = -24.058778567523202
X3 = 12.19899057088139
X4 = -0.5839642797730759
X5 = 0.1908537256902017